14 140
600 1 6 0 1
600 1 6 0 1
600 1 6 0 1
600 1 6 0 1
600 1 6 0 1
600 2 1 1 1
600 2 1 1 1
600 2 1 1 1
600 2 1 1 1
600 2 1 1 1
600 2 1 1 1
600 2 1 1 1
600 2 1 1 1
600 2 1 1 1
0	0.000	0.000	0	0	0	0	0	0	0	600
1	9.757	-5.354	3	30	0	1	0	0	0	1440
2	-2.610	0.979	3	30	0	1	0	0	0	1440
3	9.135	3.341	3	30	0	1	0	0	0	1440
4	8.373	3.229	3	30	1	1	0	0	0	1440
5	0.159	0.133	3	30	0	1	0	0	0	1440
6	-8.709	-7.904	3	30	0	1	0	0	0	1440
7	-0.865	-8.915	3	30	0	1	0	0	0	1440
8	-8.068	-2.474	3	30	1	1	0	0	0	1440
9	-5.861	9.686	3	30	1	1	0	0	0	1440
10	7.347	-7.577	3	30	1	0	1	0	0	1440
11	1.907	-3.015	3	30	1	1	0	0	0	1440
12	0.252	1.562	3	30	0	1	0	0	0	1440
13	7.918	5.096	3	30	1	0	1	0	0	1440
14	7.970	8.788	3	30	0	1	0	0	0	1440
15	4.975	8.552	3	30	0	1	0	0	0	1440
16	-8.734	-6.093	3	30	0	1	0	0	0	1440
17	-3.056	-3.073	3	30	0	1	0	0	0	1440
18	2.917	9.632	3	30	0	1	0	0	0	1440
19	8.652	5.034	3	30	1	1	0	0	0	1440
20	6.556	3.136	3	30	0	0	1	0	0	1440
21	-6.392	9.876	3	30	1	1	0	0	0	1440
22	-2.021	8.420	3	30	1	1	0	0	0	1440
23	3.557	-4.059	3	30	0	1	0	0	0	1440
24	-0.501	-0.178	3	30	0	1	0	0	0	1440
25	-1.826	3.432	3	30	1	1	0	0	0	1440
26	1.539	4.816	3	30	0	1	0	0	0	1440
27	-8.752	-5.209	3	30	0	1	0	0	0	1440
28	-2.267	2.159	3	30	0	1	0	0	0	1440
29	-6.622	8.390	3	30	0	1	0	0	0	1440
30	-3.838	1.825	3	30	0	1	0	0	0	1440
31	-8.153	6.122	3	30	0	1	0	0	0	1440
32	9.466	4.477	3	30	0	1	0	0	0	1440
33	-2.868	2.069	3	30	0	1	0	0	0	1440
34	-4.670	5.401	3	30	1	1	0	0	0	1440
35	3.879	9.811	3	30	1	0	1	0	0	1440
36	-4.645	-0.656	3	30	0	1	0	0	0	1440
37	-2.309	9.876	3	30	1	1	0	0	0	1440
38	5.542	7.315	3	30	1	1	0	0	0	1440
39	8.057	7.896	3	30	0	1	0	0	0	1440
40	8.659	4.525	3	30	0	1	0	0	0	1440
41	2.176	8.709	3	30	0	1	0	0	0	1440
42	2.526	-8.423	3	30	0	1	0	0	0	1440
43	-1.013	2.176	3	30	1	0	0	1	0	1440
44	2.545	4.659	3	30	0	1	0	0	0	1440
45	0.879	1.447	3	30	1	1	0	0	0	1440
46	3.120	-5.170	3	30	1	1	0	0	0	1440
47	7.750	-0.089	3	30	1	1	0	0	0	1440
48	-4.196	0.731	3	30	1	1	0	0	0	1440
49	2.586	6.192	3	30	0	1	0	0	0	1440
50	7.047	-1.707	3	30	0	1	0	0	0	1440
51	-4.755	4.188	3	30	0	1	0	0	0	1440
52	0.804	2.868	3	30	1	1	0	0	0	1440
53	-3.200	-5.841	3	30	0	1	0	0	0	1440
54	-8.990	-5.489	3	30	0	0	1	0	0	1440
55	5.798	-2.868	3	30	0	1	0	0	0	1440
56	0.283	9.440	3	30	1	1	0	0	0	1440
57	1.888	8.491	3	30	1	1	0	0	0	1440
58	4.120	-8.695	3	30	0	1	0	0	0	1440
59	-8.463	-5.780	3	30	1	1	0	0	0	1440
60	1.624	-3.770	3	30	0	0	1	0	0	1440
61	2.523	7.703	3	30	1	1	0	0	0	1440
62	-1.820	-0.929	3	30	1	1	0	0	0	1440
63	8.849	-7.297	3	30	1	1	0	0	0	1440
64	-2.462	-4.079	3	30	1	1	0	0	0	1440
65	7.627	0.319	3	30	0	1	0	0	0	1440
66	9.081	6.479	3	30	1	1	0	0	0	1440
67	-7.086	-2.273	3	30	1	1	0	0	0	1440
68	5.525	6.936	3	30	0	0	1	0	0	1440
69	8.139	5.046	3	30	0	1	0	0	0	1440
70	-2.865	1.167	3	30	1	1	0	0	0	1440
71	-4.744	6.084	3	30	0	1	0	0	373	388
72	-3.222	-1.602	3	30	1	1	0	0	2	17
73	-0.323	4.483	3	30	1	1	0	0	73	88
74	9.220	-9.939	3	30	1	1	0	0	138	153
75	-1.314	2.399	3	30	0	1	0	0	141	156
76	2.601	4.391	3	30	0	1	0	0	311	326
77	9.937	-0.545	3	30	0	1	0	0	494	509
78	-8.275	-6.307	3	30	0	1	0	0	417	432
79	3.712	6.387	3	30	0	1	0	0	70	85
80	-4.636	6.423	3	30	1	1	0	0	150	165
81	2.281	1.719	3	30	0	1	0	0	125	140
82	-0.261	8.716	3	30	0	1	0	0	340	355
83	-8.153	8.213	3	30	0	1	0	0	112	127
84	-2.692	-5.354	3	30	0	1	0	0	344	359
85	-1.261	8.731	3	30	0	1	0	0	432	447
86	-2.498	4.170	3	30	0	1	0	0	347	362
87	1.088	-1.495	3	30	1	1	0	0	496	511
88	-3.337	0.327	3	30	0	1	0	0	38	53
89	-1.171	-8.399	3	30	1	1	0	0	406	421
90	-5.767	-6.304	3	30	1	0	1	0	237	252
91	2.938	-5.924	3	30	1	1	0	0	57	72
92	9.133	0.117	3	30	1	1	0	0	315	330
93	0.910	6.893	3	30	1	1	0	0	407	422
94	-1.516	2.989	3	30	1	1	0	0	55	70
95	0.050	5.999	3	30	0	1	0	0	285	300
96	-3.898	4.659	3	30	0	1	0	0	52	67
97	-1.505	-4.319	3	30	0	1	0	0	116	131
98	-6.870	-7.393	3	30	1	1	0	0	463	478
99	-9.725	-4.385	3	30	0	1	0	0	107	122
100	3.191	2.007	3	30	0	0	1	0	137	152
101	0.243	9.806	3	30	1	0	0	1	182	197
102	-8.693	1.707	3	30	0	1	0	0	383	398
103	5.421	2.298	3	30	0	1	0	0	235	250
104	8.059	3.391	3	30	1	0	1	0	164	179
105	3.283	-5.935	3	30	1	1	0	0	279	294
106	-0.510	2.861	3	30	1	1	0	0	489	504
107	1.594	9.862	3	30	0	1	0	0	355	370
108	6.197	3.065	3	30	1	1	0	0	414	429
109	1.597	-7.311	3	30	0	1	0	0	293	308
110	2.880	-4.902	3	30	0	1	0	0	194	209
111	0.249	-5.603	3	30	1	1	0	0	317	332
112	-2.098	5.770	3	30	0	1	0	0	283	298
113	-5.308	4.464	3	30	1	1	0	0	428	443
114	8.381	0.478	3	30	0	1	0	0	309	324
115	9.389	-4.567	3	30	1	1	0	0	160	175
116	-3.013	-0.920	3	30	1	1	0	0	489	504
117	-5.720	4.566	3	30	0	1	0	0	186	201
118	-4.377	-1.957	3	30	1	1	0	0	114	129
119	7.305	9.138	3	30	0	1	0	0	288	303
120	-7.707	-6.801	3	30	1	1	0	0	348	363
121	7.843	6.046	3	30	0	1	0	0	319	334
122	-5.935	8.950	3	30	0	1	0	0	487	502
123	4.571	-5.434	3	30	1	1	0	0	329	344
124	-8.320	-7.140	3	30	1	1	0	0	302	317
125	-0.391	-0.328	3	30	1	1	0	0	19	34
126	-6.860	-4.213	3	30	0	1	0	0	271	286
127	6.039	0.146	3	30	0	1	0	0	65	80
128	-6.940	7.533	3	30	1	1	0	0	221	236
129	4.773	-7.311	3	30	0	1	0	0	371	386
130	1.041	-1.360	3	30	0	0	0	1	98	113
131	-4.909	9.738	3	30	1	1	0	0	538	553
132	7.531	-2.966	3	30	0	0	1	0	45	60
133	-1.684	-3.636	3	30	0	1	0	0	485	500
134	5.854	5.819	3	30	1	1	0	0	206	221
135	8.611	7.269	3	30	0	1	0	0	191	206
136	-4.223	5.564	3	30	0	1	0	0	411	426
137	2.722	-3.001	3	30	1	0	1	0	146	161
138	4.786	7.942	3	30	1	1	0	0	396	411
139	-2.261	8.286	3	30	0	1	0	0	462	477
140	-6.658	-1.280	3	30	0	0	1	0	80	95
141	3.463	-3.824	3	0	0	-1	0	0	416	431
142	-4.405	-2.758	3	0	0	-1	0	0	347	362
143	9.032	-1.046	3	0	0	-1	0	0	269	284
144	-5.066	-1.991	3	0	-1	-1	0	0	88	103
145	-8.955	-9.189	3	0	0	-1	0	0	324	339
146	-9.447	8.933	3	0	0	-1	0	0	370	385
147	0.026	5.993	3	0	0	-1	0	0	410	425
148	9.046	2.753	3	0	-1	-1	0	0	571	586
149	4.656	-7.276	3	0	-1	-1	0	0	229	244
150	-3.494	7.437	3	0	-1	0	-1	0	64	79
151	-2.341	7.303	3	0	-1	-1	0	0	98	113
152	7.886	5.622	3	0	0	-1	0	0	98	113
153	6.200	-2.954	3	0	-1	0	-1	0	388	403
154	-5.778	6.872	3	0	0	-1	0	0	219	234
155	9.560	-0.195	3	0	0	-1	0	0	76	91
156	-2.177	-4.427	3	0	0	-1	0	0	59	74
157	-9.432	-0.201	3	0	0	-1	0	0	540	555
158	-6.645	4.901	3	0	0	-1	0	0	354	369
159	-2.437	1.730	3	0	-1	-1	0	0	90	105
160	8.905	3.818	3	0	0	0	-1	0	49	64
161	-2.674	3.224	3	0	-1	-1	0	0	46	61
162	5.142	-6.483	3	0	-1	-1	0	0	323	338
163	-3.742	-5.064	3	0	0	-1	0	0	361	376
164	8.483	6.000	3	0	0	-1	0	0	70	85
165	-5.398	3.868	3	0	-1	-1	0	0	559	574
166	-0.816	0.757	3	0	0	-1	0	0	157	172
167	-6.790	3.075	3	0	0	-1	0	0	304	319
168	-3.476	8.908	3	0	0	-1	0	0	572	587
169	-9.945	-6.971	3	0	0	-1	0	0	440	455
170	-9.989	-9.409	3	0	0	-1	0	0	125	140
171	4.031	-5.414	3	0	0	-1	0	0	498	513
172	2.114	6.515	3	0	0	-1	0	0	157	172
173	-7.906	-2.501	3	0	0	-1	0	0	77	92
174	6.576	-4.752	3	0	-1	-1	0	0	244	259
175	7.634	-9.280	3	0	-1	0	-1	0	256	271
176	-0.537	-7.719	3	0	0	-1	0	0	57	72
177	8.174	9.904	3	0	-1	-1	0	0	357	372
178	-9.796	6.323	3	0	-1	-1	0	0	465	480
179	5.871	4.930	3	0	0	-1	0	0	454	469
180	9.326	-9.391	3	0	0	-1	0	0	476	491
181	-2.810	-9.443	3	0	0	-1	0	0	124	139
182	-9.404	2.163	3	0	0	-1	0	0	567	582
183	-9.956	-8.583	3	0	-1	0	0	-1	518	533
184	-7.986	-9.376	3	0	0	-1	0	0	579	594
185	9.786	8.724	3	0	-1	-1	0	0	473	488
186	1.570	-9.830	3	0	-1	-1	0	0	414	429
187	-4.332	2.840	3	0	-1	-1	0	0	413	428
188	-4.053	6.064	3	0	-1	-1	0	0	463	478
189	6.157	-0.320	3	0	0	-1	0	0	445	460
190	-1.540	-9.649	3	0	0	-1	0	0	112	127
191	-5.324	-8.400	3	0	0	-1	0	0	98	113
192	7.312	-5.743	3	0	-1	-1	0	0	493	508
193	4.561	-3.967	3	0	0	-1	0	0	254	269
194	6.408	-5.301	3	0	0	0	-1	0	90	105
195	-7.988	-2.384	3	0	0	-1	0	0	513	528
196	4.341	-0.883	3	0	-1	-1	0	0	457	472
197	0.468	8.899	3	0	-1	-1	0	0	493	508
198	-9.822	2.509	3	0	0	-1	0	0	142	157
199	0.832	9.576	3	0	-1	-1	0	0	464	479
200	1.540	4.529	3	0	0	0	-1	0	372	387
201	8.112	-4.886	3	0	-1	-1	0	0	463	478
202	9.614	5.674	3	0	-1	-1	0	0	421	436
203	4.281	-5.046	3	0	-1	-1	0	0	510	525
204	9.026	9.701	3	0	-1	-1	0	0	517	532
205	7.249	-8.365	3	0	0	-1	0	0	535	550
206	-0.039	7.815	3	0	-1	-1	0	0	273	288
207	-1.415	5.080	3	0	-1	-1	0	0	225	240
208	2.025	-0.887	3	0	0	0	-1	0	316	331
209	-4.331	-3.730	3	0	0	-1	0	0	283	298
210	-8.001	7.181	3	0	-1	-1	0	0	442	457
211	-8.116	-4.357	3	0	0	-1	0	0	0	1440
212	5.402	7.837	3	0	-1	-1	0	0	0	1440
213	9.559	-1.095	3	0	-1	-1	0	0	0	1440
214	4.794	-8.135	3	0	-1	-1	0	0	0	1440
215	-2.081	4.600	3	0	0	-1	0	0	0	1440
216	7.542	-9.161	3	0	0	-1	0	0	0	1440
217	9.802	4.361	3	0	0	-1	0	0	0	1440
218	-8.784	-4.463	3	0	0	-1	0	0	0	1440
219	-8.063	-9.736	3	0	0	-1	0	0	0	1440
220	-8.776	-7.454	3	0	-1	-1	0	0	0	1440
221	9.252	-6.483	3	0	0	-1	0	0	0	1440
222	-7.878	-9.495	3	0	0	-1	0	0	0	1440
223	5.786	0.358	3	0	0	-1	0	0	0	1440
224	6.713	-1.067	3	0	0	-1	0	0	0	1440
225	-2.755	-5.547	3	0	0	-1	0	0	0	1440
226	-1.263	8.092	3	0	0	-1	0	0	0	1440
227	-2.814	6.578	3	0	-1	-1	0	0	0	1440
228	5.488	3.398	3	0	0	-1	0	0	0	1440
229	-5.963	-4.465	3	0	-1	-1	0	0	0	1440
230	-5.142	6.185	3	0	-1	0	-1	0	0	1440
231	-1.739	6.024	3	0	-1	-1	0	0	0	1440
232	0.171	1.855	3	0	-1	-1	0	0	0	1440
233	6.436	2.787	3	0	-1	-1	0	0	0	1440
234	-8.468	4.449	3	0	-1	-1	0	0	0	1440
235	-1.166	4.614	3	0	0	-1	0	0	0	1440
236	4.025	7.743	3	0	0	-1	0	0	0	1440
237	1.062	3.568	3	0	0	-1	0	0	0	1440
238	-5.739	-0.807	3	0	-1	-1	0	0	0	1440
239	4.838	-8.404	3	0	0	-1	0	0	0	1440
240	9.150	4.191	3	0	0	0	-1	0	0	1440
241	-5.061	9.303	3	0	-1	0	0	-1	0	1440
242	-0.111	-0.413	3	0	0	-1	0	0	0	1440
243	-1.694	-0.858	3	0	0	-1	0	0	0	1440
244	-8.543	-3.227	3	0	-1	0	-1	0	0	1440
245	5.330	-7.427	3	0	-1	-1	0	0	0	1440
246	1.696	-8.199	3	0	-1	-1	0	0	0	1440
247	-3.325	1.176	3	0	0	-1	0	0	0	1440
248	-7.215	-0.285	3	0	-1	-1	0	0	0	1440
249	5.380	5.885	3	0	0	-1	0	0	0	1440
250	-3.156	0.366	3	0	0	-1	0	0	0	1440
251	9.173	-1.531	3	0	-1	-1	0	0	0	1440
252	-7.209	0.215	3	0	0	-1	0	0	0	1440
253	2.506	7.288	3	0	-1	-1	0	0	0	1440
254	3.025	3.462	3	0	0	-1	0	0	0	1440
255	-4.236	2.149	3	0	-1	-1	0	0	0	1440
256	-6.667	-6.079	3	0	-1	-1	0	0	0	1440
257	9.821	-7.307	3	0	0	-1	0	0	0	1440
258	3.924	-1.528	3	0	-1	-1	0	0	0	1440
259	5.120	7.111	3	0	0	-1	0	0	0	1440
260	-9.518	-3.850	3	0	-1	-1	0	0	0	1440
261	-1.107	-5.412	3	0	0	-1	0	0	0	1440
262	2.570	7.163	3	0	0	-1	0	0	0	1440
263	-5.952	0.877	3	0	-1	-1	0	0	0	1440
264	-8.775	-5.971	3	0	-1	-1	0	0	0	1440
265	8.524	8.125	3	0	-1	-1	0	0	0	1440
266	5.314	-4.889	3	0	0	-1	0	0	0	1440
267	7.671	-6.960	3	0	0	-1	0	0	0	1440
268	3.897	-4.028	3	0	-1	-1	0	0	0	1440
269	-3.960	-1.623	3	0	0	-1	0	0	0	1440
270	7.254	-5.379	3	0	0	0	0	-1	0	1440
271	-1.258	4.072	3	0	-1	-1	0	0	0	1440
272	-2.865	-5.231	3	0	0	0	-1	0	0	1440
273	-2.298	-4.013	3	0	0	-1	0	0	0	1440
274	8.864	-2.131	3	0	-1	-1	0	0	0	1440
275	-5.059	2.105	3	0	0	-1	0	0	0	1440
276	-8.907	-8.056	3	0	0	-1	0	0	0	1440
277	6.797	-0.680	3	0	-1	0	-1	0	0	1440
278	3.818	-9.542	3	0	-1	-1	0	0	0	1440
279	5.042	1.755	3	0	0	-1	0	0	0	1440
280	0.425	-5.478	3	0	0	0	-1	0	0	1440
281	0.000	0.000	0	0	0	0	0	0	0	600
