14 112
480 1 6 0 1
480 1 6 0 1
480 1 6 0 1
480 1 6 0 1
480 1 6 0 1
480 1 6 0 1
480 2 1 1 1
480 2 1 1 1
480 2 1 1 1
480 2 1 1 1
480 2 1 1 1
480 2 1 1 1
480 2 1 1 1
480 2 1 1 1
0	0.000	0.000	0	0	0	0	0	0	0	480
1	-0.225	-8.056	3	30	1	1	0	0	0	1440
2	2.331	8.238	3	30	0	1	0	0	0	1440
3	9.055	2.206	3	30	0	1	0	0	0	1440
4	-8.417	5.776	3	30	0	1	0	0	0	1440
5	3.777	5.291	3	30	1	1	0	0	0	1440
6	7.495	8.012	3	30	1	1	0	0	0	1440
7	-8.203	-1.583	3	30	1	1	0	0	0	1440
8	1.804	-0.120	3	30	0	0	0	1	0	1440
9	9.380	-0.117	3	30	1	1	0	0	0	1440
10	-0.888	0.118	3	30	0	1	0	0	0	1440
11	-0.777	1.245	3	30	1	0	0	1	0	1440
12	2.000	-7.472	3	30	1	1	0	0	0	1440
13	6.149	9.311	3	30	0	0	1	0	0	1440
14	8.484	-4.715	3	30	0	1	0	0	0	1440
15	7.231	0.256	3	30	1	1	0	0	0	1440
16	2.007	-0.087	3	30	1	1	0	0	0	1440
17	0.129	6.544	3	30	1	1	0	0	0	1440
18	-6.923	4.987	3	30	1	1	0	0	0	1440
19	1.626	-8.748	3	30	1	1	0	0	0	1440
20	-7.998	1.986	3	30	0	0	1	0	0	1440
21	3.796	5.929	3	30	1	1	0	0	0	1440
22	8.159	9.608	3	30	0	1	0	0	0	1440
23	6.927	-1.541	3	30	0	1	0	0	0	1440
24	9.881	-5.634	3	30	0	1	0	0	0	1440
25	7.911	1.109	3	30	0	0	0	1	0	1440
26	-7.775	-9.531	3	30	1	1	0	0	0	1440
27	6.387	-7.325	3	30	1	1	0	0	0	1440
28	-7.671	-0.157	3	30	0	1	0	0	0	1440
29	2.590	-7.049	3	30	0	1	0	0	0	1440
30	2.503	3.052	3	30	1	1	0	0	0	1440
31	4.311	9.856	3	30	1	0	1	0	0	1440
32	-8.627	3.594	3	30	0	1	0	0	0	1440
33	3.451	4.640	3	30	1	1	0	0	0	1440
34	-1.547	-1.563	3	30	0	0	1	0	0	1440
35	8.286	-9.159	3	30	1	1	0	0	0	1440
36	4.295	-7.934	3	30	0	1	0	0	0	1440
37	-2.326	7.774	3	30	0	1	0	0	0	1440
38	4.535	7.315	3	30	1	1	0	0	0	1440
39	-6.763	3.917	3	30	0	1	0	0	0	1440
40	5.802	-0.749	3	30	0	1	0	0	0	1440
41	-6.822	-4.745	3	30	1	1	0	0	0	1440
42	8.823	-0.626	3	30	1	1	0	0	0	1440
43	6.797	5.687	3	30	0	1	0	0	0	1440
44	9.537	-0.669	3	30	0	1	0	0	0	1440
45	-5.388	4.698	3	30	1	0	1	0	0	1440
46	3.238	-1.100	3	30	0	1	0	0	0	1440
47	-9.903	9.850	3	30	1	1	0	0	0	1440
48	2.290	7.545	3	30	1	1	0	0	0	1440
49	8.248	8.617	3	30	1	1	0	0	0	1440
50	9.270	4.138	3	30	0	1	0	0	0	1440
51	9.654	-4.324	3	30	1	0	0	1	0	1440
52	4.399	-0.287	3	30	1	1	0	0	0	1440
53	8.969	3.992	3	30	1	1	0	0	0	1440
54	-8.747	6.819	3	30	1	0	1	0	0	1440
55	-4.413	7.694	3	30	0	1	0	0	0	1440
56	6.731	-6.978	3	30	0	1	0	0	0	1440
57	4.308	5.644	3	30	0	1	0	0	95	110
58	6.380	7.308	3	30	1	1	0	0	233	248
59	0.047	6.886	3	30	0	0	1	0	5	20
60	8.446	-8.479	3	30	0	1	0	0	355	370
61	4.885	0.216	3	30	1	1	0	0	231	246
62	-3.489	8.491	3	30	1	0	0	1	93	108
63	-5.415	-2.435	3	30	1	1	0	0	303	318
64	-2.320	-7.887	3	30	1	1	0	0	310	325
65	6.197	-1.118	3	30	0	1	0	0	130	145
66	0.983	-0.887	3	30	1	1	0	0	64	79
67	5.784	4.853	3	30	0	1	0	0	173	188
68	-5.512	-6.358	3	30	1	1	0	0	281	296
69	-8.737	-0.921	3	30	1	1	0	0	299	314
70	2.670	-7.878	3	30	1	1	0	0	239	254
71	3.303	5.392	3	30	1	1	0	0	196	211
72	8.215	-7.964	3	30	1	1	0	0	335	350
73	5.514	-2.434	3	30	0	1	0	0	185	200
74	9.936	-1.532	3	30	0	1	0	0	134	149
75	-9.845	7.938	3	30	0	0	0	1	171	186
76	4.883	-6.773	3	30	1	0	0	1	250	265
77	2.534	-6.634	3	30	0	1	0	0	396	411
78	6.007	-4.183	3	30	1	1	0	0	141	156
79	2.048	9.932	3	30	0	1	0	0	282	297
80	8.645	-6.900	3	30	0	0	1	0	250	265
81	9.366	3.839	3	30	0	1	0	0	207	222
82	-8.922	-2.674	3	30	0	0	0	1	290	305
83	7.041	-2.978	3	30	0	0	1	0	104	119
84	5.902	-2.336	3	30	1	1	0	0	243	258
85	0.474	-8.153	3	30	0	1	0	0	71	86
86	2.115	8.290	3	30	0	1	0	0	280	295
87	0.943	0.243	3	30	1	1	0	0	400	415
88	-8.256	-9.816	3	30	0	1	0	0	361	376
89	3.304	0.818	3	30	0	1	0	0	414	429
90	4.111	-3.384	3	30	0	1	0	0	133	148
91	-2.834	3.980	3	30	0	1	0	0	157	172
92	-8.754	-6.657	3	30	1	1	0	0	298	313
93	1.825	1.130	3	30	1	0	1	0	398	413
94	8.182	-5.367	3	30	0	1	0	0	407	422
95	0.909	-9.574	3	30	0	1	0	0	375	390
96	-7.923	-1.470	3	30	1	1	0	0	345	360
97	5.806	-5.908	3	30	1	1	0	0	282	297
98	2.716	0.964	3	30	0	1	0	0	287	302
99	1.134	-9.719	3	30	0	1	0	0	361	376
100	2.056	4.499	3	30	0	1	0	0	273	288
101	-7.463	-4.138	3	30	1	1	0	0	22	37
102	5.769	-2.088	3	30	1	1	0	0	331	346
103	-2.317	3.978	3	30	1	1	0	0	168	183
104	-4.248	-8.384	3	30	0	1	0	0	209	224
105	4.165	-0.954	3	30	1	1	0	0	192	207
106	-9.186	-3.847	3	30	0	1	0	0	178	193
107	9.570	-9.303	3	30	1	0	1	0	407	422
108	-2.412	-3.166	3	30	1	1	0	0	165	180
109	5.545	5.639	3	30	1	1	0	0	220	235
110	9.062	1.149	3	30	1	1	0	0	123	138
111	-0.023	-0.428	3	30	0	1	0	0	43	58
112	0.976	-5.397	3	30	1	0	1	0	65	80
113	3.499	0.926	3	0	-1	-1	0	0	349	364
114	2.448	-7.734	3	0	0	-1	0	0	204	219
115	0.526	-1.679	3	0	0	-1	0	0	116	131
116	2.737	3.542	3	0	0	-1	0	0	106	121
117	-5.774	-0.246	3	0	-1	-1	0	0	360	375
118	7.592	-5.004	3	0	-1	-1	0	0	248	263
119	-4.873	9.219	3	0	-1	-1	0	0	47	62
120	4.965	-0.146	3	0	0	0	0	-1	396	411
121	2.654	-6.571	3	0	-1	-1	0	0	150	165
122	-6.883	7.115	3	0	0	-1	0	0	355	370
123	0.514	-2.926	3	0	-1	0	0	-1	296	311
124	2.887	7.308	3	0	-1	-1	0	0	146	161
125	0.177	6.396	3	0	0	0	-1	0	247	262
126	2.049	8.983	3	0	0	-1	0	0	344	359
127	0.461	5.737	3	0	-1	-1	0	0	365	380
128	-1.044	1.777	3	0	-1	-1	0	0	51	66
129	3.833	2.363	3	0	-1	-1	0	0	288	303
130	-2.082	6.554	3	0	-1	-1	0	0	348	363
131	-0.958	-2.067	3	0	-1	-1	0	0	89	104
132	4.461	2.989	3	0	0	0	-1	0	222	237
133	4.038	4.422	3	0	-1	-1	0	0	424	439
134	-4.993	-8.808	3	0	0	-1	0	0	181	196
135	7.860	-2.598	3	0	0	-1	0	0	230	245
136	-6.043	1.554	3	0	0	-1	0	0	445	460
137	-2.396	-0.704	3	0	0	0	0	-1	111	126
138	0.313	6.525	3	0	-1	-1	0	0	340	355
139	-3.965	-3.892	3	0	-1	-1	0	0	349	364
140	1.277	7.321	3	0	0	-1	0	0	459	474
141	7.105	-9.037	3	0	0	-1	0	0	244	259
142	0.820	6.613	3	0	-1	-1	0	0	290	305
143	-5.609	-4.746	3	0	-1	0	-1	0	70	85
144	4.636	8.015	3	0	0	-1	0	0	267	282
145	-5.992	-5.091	3	0	-1	-1	0	0	320	335
146	6.461	-7.793	3	0	0	0	-1	0	198	213
147	-9.042	4.561	3	0	-1	-1	0	0	453	468
148	6.266	-0.336	3	0	0	-1	0	0	227	242
149	8.162	6.650	3	0	0	-1	0	0	266	281
150	-0.166	-6.620	3	0	-1	-1	0	0	424	439
151	-7.057	1.744	3	0	0	-1	0	0	81	96
152	5.905	-2.112	3	0	0	-1	0	0	405	420
153	-7.400	-0.398	3	0	-1	-1	0	0	458	473
154	-5.050	1.832	3	0	-1	-1	0	0	90	105
155	0.115	4.267	3	0	0	-1	0	0	410	425
156	3.700	-4.446	3	0	0	-1	0	0	52	67
157	-1.609	-9.841	3	0	-1	0	-1	0	185	200
158	7.120	1.027	3	0	0	-1	0	0	312	327
159	-5.124	-7.811	3	0	-1	-1	0	0	165	180
160	-1.334	-9.434	3	0	-1	-1	0	0	296	311
161	-7.891	-0.768	3	0	-1	-1	0	0	166	181
162	9.192	-2.339	3	0	0	-1	0	0	421	436
163	5.932	-1.445	3	0	-1	0	0	-1	328	343
164	-2.145	-5.911	3	0	-1	-1	0	0	440	455
165	-4.651	5.865	3	0	-1	-1	0	0	402	417
166	2.474	8.484	3	0	-1	0	-1	0	253	268
167	2.775	-4.465	3	0	0	-1	0	0	138	153
168	-8.827	2.043	3	0	0	-1	0	0	454	469
169	-0.485	1.696	3	0	0	-1	0	0	0	1440
170	-8.645	6.185	3	0	-1	-1	0	0	0	1440
171	-3.822	-4.035	3	0	0	0	-1	0	0	1440
172	3.442	5.059	3	0	0	-1	0	0	0	1440
173	0.521	2.450	3	0	-1	-1	0	0	0	1440
174	-1.813	3.371	3	0	-1	0	0	-1	0	1440
175	-1.992	5.415	3	0	-1	-1	0	0	0	1440
176	-8.679	-9.357	3	0	-1	-1	0	0	0	1440
177	5.332	4.074	3	0	0	-1	0	0	0	1440
178	-3.141	5.998	3	0	-1	-1	0	0	0	1440
179	-2.225	8.764	3	0	0	-1	0	0	0	1440
180	4.406	-0.226	3	0	-1	-1	0	0	0	1440
181	4.832	-1.807	3	0	-1	-1	0	0	0	1440
182	9.204	-4.897	3	0	-1	-1	0	0	0	1440
183	-6.319	-1.555	3	0	-1	-1	0	0	0	1440
184	-7.269	-5.496	3	0	-1	-1	0	0	0	1440
185	-3.910	9.518	3	0	0	-1	0	0	0	1440
186	-4.809	-9.288	3	0	0	-1	0	0	0	1440
187	8.406	5.902	3	0	0	0	0	-1	0	1440
188	4.274	-4.894	3	0	-1	0	0	-1	0	1440
189	-3.880	8.390	3	0	0	-1	0	0	0	1440
190	-9.134	-4.121	3	0	-1	-1	0	0	0	1440
191	-6.543	0.263	3	0	0	-1	0	0	0	1440
192	-2.567	5.144	3	0	0	0	-1	0	0	1440
193	3.874	4.947	3	0	0	-1	0	0	0	1440
194	-5.913	3.939	3	0	0	0	0	-1	0	1440
195	-9.691	0.366	3	0	0	0	-1	0	0	1440
196	-1.649	-4.683	3	0	-1	-1	0	0	0	1440
197	-1.942	4.999	3	0	0	-1	0	0	0	1440
198	7.097	-9.707	3	0	0	-1	0	0	0	1440
199	-3.509	9.797	3	0	-1	-1	0	0	0	1440
200	-3.229	3.944	3	0	0	-1	0	0	0	1440
201	4.601	-2.356	3	0	0	-1	0	0	0	1440
202	-5.082	-3.372	3	0	0	-1	0	0	0	1440
203	-9.418	8.853	3	0	0	-1	0	0	0	1440
204	8.619	-6.644	3	0	-1	-1	0	0	0	1440
205	5.644	8.555	3	0	-1	0	-1	0	0	1440
206	-9.062	0.285	3	0	0	-1	0	0	0	1440
207	6.408	-7.899	3	0	0	-1	0	0	0	1440
208	2.350	-4.631	3	0	-1	-1	0	0	0	1440
209	3.700	5.801	3	0	-1	-1	0	0	0	1440
210	9.363	-8.284	3	0	0	-1	0	0	0	1440
211	-0.276	3.996	3	0	0	-1	0	0	0	1440
212	8.769	-5.002	3	0	0	-1	0	0	0	1440
213	1.007	-3.255	3	0	-1	-1	0	0	0	1440
214	9.980	-6.311	3	0	-1	-1	0	0	0	1440
215	2.381	-9.542	3	0	-1	-1	0	0	0	1440
216	2.957	-6.278	3	0	0	-1	0	0	0	1440
217	-5.395	2.629	3	0	-1	-1	0	0	0	1440
218	-3.207	6.458	3	0	0	-1	0	0	0	1440
219	-2.836	-3.311	3	0	-1	0	-1	0	0	1440
220	1.487	5.346	3	0	-1	-1	0	0	0	1440
221	2.402	-2.948	3	0	-1	-1	0	0	0	1440
222	-1.202	9.151	3	0	-1	-1	0	0	0	1440
223	-5.714	-5.847	3	0	0	-1	0	0	0	1440
224	7.297	-0.175	3	0	-1	0	-1	0	0	1440
225	0.000	0.000	0	0	0	0	0	0	0	480
