15 120
480 1 6 0 1
480 1 6 0 1
480 1 6 0 1
480 1 6 0 1
480 1 6 0 1
480 1 6 0 1
480 1 6 0 1
480 1 6 0 1
480 1 6 0 1
480 2 1 1 1
480 2 1 1 1
480 2 1 1 1
480 2 1 1 1
480 2 1 1 1
480 2 1 1 1
0	0.000	0.000	0	0	0	0	0	0	0	480
1	-1.232	-9.660	3	30	1	1	0	0	0	1440
2	1.630	-7.539	3	30	1	1	0	0	0	1440
3	9.695	3.060	3	30	0	1	0	0	0	1440
4	-0.751	-4.690	3	30	1	1	0	0	0	1440
5	1.929	-3.823	3	30	1	0	1	0	0	1440
6	-8.354	-8.101	3	30	0	0	1	0	0	1440
7	-4.315	9.652	3	30	1	1	0	0	0	1440
8	-6.473	-6.144	3	30	1	1	0	0	0	1440
9	2.766	1.545	3	30	1	1	0	0	0	1440
10	6.208	8.749	3	30	0	1	0	0	0	1440
11	-8.751	-7.213	3	30	0	1	0	0	0	1440
12	5.482	-6.711	3	30	1	1	0	0	0	1440
13	-7.660	6.333	3	30	1	0	1	0	0	1440
14	-4.546	-5.557	3	30	0	0	1	0	0	1440
15	-3.708	-1.738	3	30	0	0	0	1	0	1440
16	-4.562	6.873	3	30	1	1	0	0	0	1440
17	-9.285	0.125	3	30	1	1	0	0	0	1440
18	-7.264	-0.234	3	30	1	1	0	0	0	1440
19	-9.150	9.269	3	30	0	1	0	0	0	1440
20	-5.662	9.478	3	30	1	1	0	0	0	1440
21	6.058	-2.960	3	30	0	1	0	0	0	1440
22	-5.183	3.585	3	30	0	1	0	0	0	1440
23	-0.588	1.021	3	30	1	1	0	0	0	1440
24	5.359	2.069	3	30	1	1	0	0	0	1440
25	7.645	-3.990	3	30	0	1	0	0	0	1440
26	4.400	-5.579	3	30	1	1	0	0	0	1440
27	-5.405	-9.215	3	30	1	1	0	0	0	1440
28	-0.683	8.347	3	30	0	1	0	0	0	1440
29	6.134	7.180	3	30	0	0	0	1	0	1440
30	1.779	9.472	3	30	0	1	0	0	0	1440
31	5.207	-1.680	3	30	1	1	0	0	0	1440
32	4.502	-3.076	3	30	0	0	0	1	0	1440
33	8.617	-3.684	3	30	0	1	0	0	0	1440
34	-7.108	-9.866	3	30	1	1	0	0	0	1440
35	-0.193	-7.445	3	30	1	1	0	0	0	1440
36	2.715	2.109	3	30	1	1	0	0	0	1440
37	4.289	4.730	3	30	1	0	0	1	0	1440
38	-3.538	6.007	3	30	1	1	0	0	0	1440
39	-8.242	8.651	3	30	1	1	0	0	0	1440
40	5.373	6.644	3	30	1	0	0	1	0	1440
41	6.144	6.845	3	30	0	1	0	0	0	1440
42	5.024	8.342	3	30	1	1	0	0	0	1440
43	-3.563	-9.810	3	30	0	1	0	0	0	1440
44	-5.742	4.263	3	30	0	0	1	0	0	1440
45	-7.703	2.290	3	30	0	1	0	0	0	1440
46	-5.269	-5.378	3	30	0	1	0	0	0	1440
47	-6.853	-6.186	3	30	1	1	0	0	0	1440
48	5.030	-3.328	3	30	1	1	0	0	0	1440
49	-4.529	6.135	3	30	1	0	0	1	0	1440
50	-6.533	-3.911	3	30	0	0	0	1	0	1440
51	8.358	-0.810	3	30	0	1	0	0	0	1440
52	3.122	-7.970	3	30	1	0	1	0	0	1440
53	2.142	5.867	3	30	1	1	0	0	0	1440
54	8.415	-9.958	3	30	0	0	1	0	0	1440
55	-3.743	-2.068	3	30	1	1	0	0	0	1440
56	-5.220	0.932	3	30	1	1	0	0	0	1440
57	6.724	3.044	3	30	0	1	0	0	0	1440
58	9.244	-5.185	3	30	1	1	0	0	0	1440
59	-4.540	-9.704	3	30	0	1	0	0	0	1440
60	7.582	-1.170	3	30	0	1	0	0	0	1440
61	-2.738	0.240	3	30	1	1	0	0	305	320
62	3.905	-0.463	3	30	0	1	0	0	54	69
63	-2.943	5.117	3	30	1	0	0	1	89	104
64	-1.817	-5.892	3	30	1	1	0	0	304	319
65	-2.772	-0.887	3	30	0	0	1	0	347	362
66	-8.974	2.657	3	30	1	1	0	0	403	418
67	-1.613	-2.518	3	30	0	1	0	0	198	213
68	9.854	5.291	3	30	0	1	0	0	194	209
69	5.796	-4.183	3	30	0	1	0	0	28	43
70	-6.369	0.158	3	30	0	1	0	0	298	313
71	-1.044	0.598	3	30	0	1	0	0	225	240
72	-1.588	-9.608	3	30	0	1	0	0	212	227
73	4.807	-2.659	3	30	1	1	0	0	220	235
74	-3.799	7.861	3	30	1	1	0	0	320	335
75	-6.595	7.729	3	30	1	1	0	0	334	349
76	2.878	-0.761	3	30	1	0	0	1	369	384
77	-6.242	-7.976	3	30	0	1	0	0	180	195
78	-2.318	9.954	3	30	1	1	0	0	269	284
79	4.387	-1.136	3	30	0	1	0	0	37	52
80	8.394	3.012	3	30	1	1	0	0	189	204
81	-3.729	-1.779	3	30	0	1	0	0	263	278
82	3.080	1.973	3	30	1	1	0	0	30	45
83	8.069	-3.710	3	30	1	1	0	0	343	358
84	-5.589	1.135	3	30	0	1	0	0	30	45
85	5.313	-7.227	3	30	1	0	1	0	53	68
86	-8.201	-7.076	3	30	1	1	0	0	223	238
87	0.093	3.354	3	30	0	0	1	0	201	216
88	5.411	-4.518	3	30	0	1	0	0	98	113
89	-4.728	-3.723	3	30	1	1	0	0	393	408
90	-5.893	1.883	3	30	0	1	0	0	147	162
91	9.024	0.933	3	30	0	1	0	0	97	112
92	1.432	4.909	3	30	0	1	0	0	417	432
93	7.359	4.635	3	30	0	1	0	0	354	369
94	1.978	4.058	3	30	0	0	1	0	4	19
95	6.517	-9.646	3	30	1	1	0	0	209	224
96	5.968	-1.927	3	30	1	1	0	0	399	414
97	9.913	-9.471	3	30	1	1	0	0	93	108
98	0.834	6.992	3	30	1	1	0	0	153	168
99	7.548	4.113	3	30	1	1	0	0	158	173
100	-0.052	6.408	3	30	0	0	1	0	76	91
101	-1.576	-5.138	3	30	0	1	0	0	322	337
102	9.876	4.838	3	30	1	1	0	0	38	53
103	1.535	-1.953	3	30	1	1	0	0	319	334
104	-3.307	8.952	3	30	0	0	1	0	378	393
105	5.915	-9.260	3	30	0	1	0	0	172	187
106	-1.936	-5.111	3	30	0	1	0	0	382	397
107	6.414	0.091	3	30	0	1	0	0	292	307
108	-8.036	-0.358	3	30	1	1	0	0	233	248
109	-9.375	-7.537	3	30	1	1	0	0	167	182
110	7.937	1.764	3	30	0	1	0	0	151	166
111	-9.701	8.065	3	30	1	1	0	0	38	53
112	6.846	-6.671	3	30	0	1	0	0	96	111
113	-1.956	-8.480	3	30	0	1	0	0	43	58
114	4.975	-3.571	3	30	0	0	0	1	258	273
115	4.499	-8.370	3	30	0	1	0	0	368	383
116	7.498	3.706	3	30	0	1	0	0	251	266
117	-5.516	-9.313	3	30	1	1	0	0	87	102
118	3.569	5.055	3	30	1	1	0	0	179	194
119	5.410	8.307	3	30	1	1	0	0	27	42
120	-1.528	-5.423	3	30	0	1	0	0	140	155
121	3.608	-8.283	3	0	-1	-1	0	0	104	119
122	-3.106	7.686	3	0	-1	-1	0	0	447	462
123	6.122	-1.054	3	0	0	-1	0	0	169	184
124	-2.304	8.593	3	0	-1	-1	0	0	93	108
125	5.621	5.134	3	0	-1	0	-1	0	97	112
126	-2.064	-9.312	3	0	0	0	-1	0	144	159
127	-2.955	-2.563	3	0	-1	-1	0	0	366	381
128	0.349	9.329	3	0	-1	-1	0	0	192	207
129	1.733	-5.135	3	0	-1	-1	0	0	198	213
130	3.355	3.716	3	0	0	-1	0	0	420	435
131	-8.338	-5.590	3	0	0	-1	0	0	59	74
132	8.389	2.418	3	0	-1	-1	0	0	346	361
133	4.738	1.418	3	0	-1	0	-1	0	220	235
134	-7.548	6.212	3	0	0	0	-1	0	453	468
135	-7.899	-0.503	3	0	0	0	0	-1	369	384
136	6.723	5.650	3	0	-1	-1	0	0	372	387
137	9.513	6.048	3	0	-1	-1	0	0	214	229
138	0.281	0.202	3	0	-1	-1	0	0	305	320
139	-9.801	5.379	3	0	0	-1	0	0	426	441
140	3.064	-1.117	3	0	-1	-1	0	0	290	305
141	7.973	1.155	3	0	0	-1	0	0	327	342
142	-1.294	0.715	3	0	0	-1	0	0	114	129
143	0.958	3.378	3	0	-1	-1	0	0	79	94
144	-4.096	8.822	3	0	-1	-1	0	0	256	271
145	5.874	2.190	3	0	0	-1	0	0	316	331
146	1.854	7.962	3	0	-1	-1	0	0	439	454
147	2.123	-3.010	3	0	-1	-1	0	0	371	386
148	-2.554	1.545	3	0	0	-1	0	0	222	237
149	3.111	2.463	3	0	0	0	0	-1	411	426
150	7.969	9.057	3	0	0	-1	0	0	62	77
151	5.465	9.197	3	0	-1	-1	0	0	108	123
152	6.003	0.087	3	0	0	0	0	-1	296	311
153	-8.293	8.328	3	0	0	-1	0	0	154	169
154	9.649	4.855	3	0	-1	-1	0	0	67	82
155	5.338	0.594	3	0	-1	-1	0	0	443	458
156	9.206	2.743	3	0	-1	-1	0	0	435	450
157	-8.420	0.169	3	0	-1	0	0	-1	141	156
158	-4.694	-4.197	3	0	-1	-1	0	0	190	205
159	-3.741	-3.076	3	0	-1	-1	0	0	139	154
160	9.702	4.564	3	0	-1	0	0	-1	187	202
161	5.457	4.260	3	0	0	-1	0	0	60	75
162	5.275	-1.414	3	0	-1	-1	0	0	46	61
163	8.797	-6.199	3	0	0	-1	0	0	209	224
164	8.370	1.078	3	0	0	0	-1	0	62	77
165	-2.015	-6.598	3	0	0	-1	0	0	93	108
166	2.116	3.255	3	0	0	-1	0	0	401	416
167	-8.543	-3.316	3	0	-1	-1	0	0	376	391
168	5.511	4.612	3	0	-1	-1	0	0	299	314
169	-9.641	-9.058	3	0	-1	0	0	-1	265	280
170	4.904	-7.586	3	0	0	0	0	-1	220	235
171	-0.136	4.003	3	0	0	-1	0	0	199	214
172	-2.387	-5.613	3	0	-1	0	-1	0	166	181
173	-1.955	-2.896	3	0	-1	-1	0	0	160	175
174	5.031	2.259	3	0	0	0	-1	0	248	263
175	7.702	5.695	3	0	-1	-1	0	0	260	275
176	-3.020	3.600	3	0	-1	-1	0	0	283	298
177	-2.439	-5.221	3	0	0	-1	0	0	289	304
178	2.386	2.017	3	0	-1	-1	0	0	443	458
179	-1.894	2.024	3	0	0	-1	0	0	199	214
180	-4.840	-4.892	3	0	0	-1	0	0	184	199
181	7.747	-7.323	3	0	-1	-1	0	0	0	1440
182	2.303	8.460	3	0	0	-1	0	0	0	1440
183	0.786	-8.927	3	0	-1	0	0	-1	0	1440
184	8.299	3.497	3	0	-1	-1	0	0	0	1440
185	-4.136	4.531	3	0	0	0	-1	0	0	1440
186	-2.458	-4.180	3	0	-1	-1	0	0	0	1440
187	-4.992	1.626	3	0	0	-1	0	0	0	1440
188	5.702	-0.009	3	0	0	-1	0	0	0	1440
189	5.787	7.937	3	0	0	-1	0	0	0	1440
190	0.262	0.188	3	0	0	-1	0	0	0	1440
191	-7.889	-5.017	3	0	0	-1	0	0	0	1440
192	-1.841	0.835	3	0	0	-1	0	0	0	1440
193	-2.020	8.845	3	0	-1	-1	0	0	0	1440
194	4.780	-8.243	3	0	-1	-1	0	0	0	1440
195	0.180	-6.110	3	0	-1	-1	0	0	0	1440
196	-9.697	0.380	3	0	-1	0	0	-1	0	1440
197	-4.123	-3.411	3	0	0	-1	0	0	0	1440
198	-3.056	4.955	3	0	-1	-1	0	0	0	1440
199	-2.184	8.890	3	0	0	-1	0	0	0	1440
200	7.573	-4.654	3	0	-1	-1	0	0	0	1440
201	4.007	-7.727	3	0	0	-1	0	0	0	1440
202	-5.216	-7.245	3	0	-1	-1	0	0	0	1440
203	6.458	-5.806	3	0	-1	-1	0	0	0	1440
204	1.300	2.689	3	0	0	-1	0	0	0	1440
205	8.191	5.410	3	0	-1	0	-1	0	0	1440
206	9.111	0.877	3	0	-1	-1	0	0	0	1440
207	-3.373	-7.800	3	0	0	0	-1	0	0	1440
208	-7.519	-9.162	3	0	0	-1	0	0	0	1440
209	2.708	7.142	3	0	-1	-1	0	0	0	1440
210	-7.487	-2.219	3	0	0	-1	0	0	0	1440
211	7.716	-6.336	3	0	0	-1	0	0	0	1440
212	-7.023	1.642	3	0	0	-1	0	0	0	1440
213	1.062	3.557	3	0	0	-1	0	0	0	1440
214	-6.066	7.629	3	0	0	0	-1	0	0	1440
215	1.094	6.012	3	0	-1	-1	0	0	0	1440
216	4.066	-3.468	3	0	-1	-1	0	0	0	1440
217	-3.554	8.348	3	0	-1	-1	0	0	0	1440
218	-7.658	2.727	3	0	-1	-1	0	0	0	1440
219	-9.434	-1.838	3	0	-1	-1	0	0	0	1440
220	-8.055	-3.777	3	0	0	0	-1	0	0	1440
221	7.400	-5.215	3	0	0	-1	0	0	0	1440
222	7.707	-8.353	3	0	-1	-1	0	0	0	1440
223	-2.744	3.779	3	0	-1	-1	0	0	0	1440
224	8.141	5.324	3	0	0	0	-1	0	0	1440
225	-8.314	1.579	3	0	0	-1	0	0	0	1440
226	6.946	-8.619	3	0	0	-1	0	0	0	1440
227	-1.431	-4.245	3	0	0	-1	0	0	0	1440
228	9.880	-9.629	3	0	-1	-1	0	0	0	1440
229	9.758	-5.542	3	0	-1	-1	0	0	0	1440
230	8.657	5.750	3	0	0	-1	0	0	0	1440
231	-9.070	-1.828	3	0	-1	-1	0	0	0	1440
232	3.407	-6.796	3	0	0	-1	0	0	0	1440
233	6.959	1.560	3	0	0	-1	0	0	0	1440
234	6.049	-9.538	3	0	0	0	0	-1	0	1440
235	0.943	0.972	3	0	0	-1	0	0	0	1440
236	4.461	-1.448	3	0	0	-1	0	0	0	1440
237	2.500	-3.962	3	0	-1	-1	0	0	0	1440
238	5.381	-7.984	3	0	-1	-1	0	0	0	1440
239	5.922	-9.085	3	0	-1	-1	0	0	0	1440
240	0.677	-3.130	3	0	0	-1	0	0	0	1440
241	0.000	0.000	0	0	0	0	0	0	0	480
