16 160
600 1 6 0 1
600 1 6 0 1
600 1 6 0 1
600 1 6 0 1
600 1 6 0 1
600 1 6 0 1
600 2 1 1 1
600 2 1 1 1
600 2 1 1 1
600 2 1 1 1
600 2 1 1 1
600 2 1 1 1
600 2 1 1 1
600 2 1 1 1
600 2 1 1 1
600 2 1 1 1
0	0.000	0.000	0	0	0	0	0	0	0	600
1	9.598	9.697	3	30	1	1	0	0	0	1440
2	7.333	-0.192	3	30	0	1	0	0	0	1440
3	6.915	-7.093	3	30	1	1	0	0	0	1440
4	3.617	-7.317	3	30	0	1	0	0	0	1440
5	-8.010	-0.698	3	30	0	1	0	0	0	1440
6	-4.163	-3.106	3	30	0	1	0	0	0	1440
7	7.077	8.815	3	30	1	1	0	0	0	1440
8	7.011	-3.589	3	30	1	0	1	0	0	1440
9	9.902	2.929	3	30	0	1	0	0	0	1440
10	9.080	1.380	3	30	0	0	1	0	0	1440
11	-5.167	-5.036	3	30	0	1	0	0	0	1440
12	-7.949	-9.548	3	30	0	1	0	0	0	1440
13	-1.703	-0.518	3	30	0	1	0	0	0	1440
14	-0.442	-2.094	3	30	0	0	1	0	0	1440
15	5.819	8.515	3	30	0	1	0	0	0	1440
16	6.687	-4.461	3	30	1	0	1	0	0	1440
17	-4.985	-8.623	3	30	0	1	0	0	0	1440
18	3.037	-6.752	3	30	1	0	1	0	0	1440
19	-6.258	-1.328	3	30	0	0	0	1	0	1440
20	1.698	2.600	3	30	0	1	0	0	0	1440
21	7.752	0.368	3	30	1	1	0	0	0	1440
22	3.194	7.106	3	30	0	1	0	0	0	1440
23	-4.330	-0.652	3	30	0	1	0	0	0	1440
24	5.600	7.822	3	30	0	1	0	0	0	1440
25	-1.427	-5.248	3	30	0	1	0	0	0	1440
26	-9.338	3.711	3	30	0	1	0	0	0	1440
27	6.035	2.389	3	30	1	1	0	0	0	1440
28	-5.209	-9.573	3	30	0	1	0	0	0	1440
29	-5.396	5.280	3	30	0	1	0	0	0	1440
30	7.643	9.444	3	30	1	1	0	0	0	1440
31	-5.905	1.150	3	30	0	0	0	1	0	1440
32	1.028	0.780	3	30	1	1	0	0	0	1440
33	-1.120	-2.969	3	30	0	1	0	0	0	1440
34	6.057	-6.797	3	30	0	1	0	0	0	1440
35	5.265	-4.119	3	30	0	1	0	0	0	1440
36	5.593	6.418	3	30	1	0	0	1	0	1440
37	-2.371	-5.359	3	30	0	1	0	0	0	1440
38	-1.050	7.455	3	30	0	0	1	0	0	1440
39	-8.948	5.706	3	30	1	1	0	0	0	1440
40	8.500	8.828	3	30	0	1	0	0	0	1440
41	-5.261	8.726	3	30	1	1	0	0	0	1440
42	0.587	6.328	3	30	0	1	0	0	0	1440
43	-6.033	-3.446	3	30	1	1	0	0	0	1440
44	9.133	-6.545	3	30	1	0	0	1	0	1440
45	-2.678	0.979	3	30	0	1	0	0	0	1440
46	-3.137	-8.863	3	30	0	0	0	1	0	1440
47	-6.136	7.870	3	30	1	1	0	0	0	1440
48	-5.930	4.567	3	30	0	1	0	0	0	1440
49	-6.201	-1.632	3	30	1	1	0	0	0	1440
50	1.475	8.452	3	30	0	1	0	0	0	1440
51	9.243	7.372	3	30	1	1	0	0	0	1440
52	6.736	-5.859	3	30	1	1	0	0	0	1440
53	0.720	-7.177	3	30	1	1	0	0	0	1440
54	3.738	5.390	3	30	1	1	0	0	0	1440
55	-7.213	-3.835	3	30	1	1	0	0	0	1440
56	-8.898	5.584	3	30	0	1	0	0	0	1440
57	-6.618	-9.206	3	30	0	1	0	0	0	1440
58	6.385	4.568	3	30	1	1	0	0	0	1440
59	7.577	-2.852	3	30	1	1	0	0	0	1440
60	3.149	4.931	3	30	1	1	0	0	0	1440
61	-0.397	-1.465	3	30	1	1	0	0	0	1440
62	-3.346	1.405	3	30	1	1	0	0	0	1440
63	-2.616	6.415	3	30	0	1	0	0	0	1440
64	4.041	-4.401	3	30	1	1	0	0	0	1440
65	-2.371	-5.485	3	30	1	1	0	0	0	1440
66	-8.009	-7.553	3	30	0	1	0	0	0	1440
67	-2.576	-0.063	3	30	1	1	0	0	0	1440
68	-1.476	1.320	3	30	0	1	0	0	0	1440
69	-0.008	-8.009	3	30	0	1	0	0	0	1440
70	-7.735	5.170	3	30	0	0	0	1	0	1440
71	-2.808	-7.230	3	30	1	1	0	0	0	1440
72	9.670	2.021	3	30	0	1	0	0	0	1440
73	9.515	-9.685	3	30	1	1	0	0	0	1440
74	8.594	-8.691	3	30	1	0	1	0	0	1440
75	-0.440	-1.149	3	30	1	1	0	0	0	1440
76	6.543	6.441	3	30	1	1	0	0	0	1440
77	7.370	6.732	3	30	0	1	0	0	0	1440
78	-4.546	-6.472	3	30	1	1	0	0	0	1440
79	-0.783	-3.838	3	30	0	1	0	0	0	1440
80	4.758	2.025	3	30	1	1	0	0	0	1440
81	-6.404	0.473	3	30	1	1	0	0	473	488
82	-9.215	-3.702	3	30	0	1	0	0	219	234
83	8.637	0.407	3	30	1	1	0	0	109	124
84	-8.712	9.623	3	30	1	1	0	0	94	109
85	3.541	-9.960	3	30	0	1	0	0	429	444
86	-8.980	5.121	3	30	1	1	0	0	524	539
87	7.653	7.151	3	30	0	1	0	0	341	356
88	7.494	2.863	3	30	0	1	0	0	173	188
89	4.291	-2.154	3	30	1	1	0	0	437	452
90	4.772	6.624	3	30	0	1	0	0	431	446
91	-3.936	-3.627	3	30	0	1	0	0	47	62
92	-4.914	-4.319	3	30	0	0	0	1	533	548
93	8.501	4.595	3	30	1	1	0	0	479	494
94	4.483	2.584	3	30	1	1	0	0	536	551
95	5.769	1.759	3	30	1	1	0	0	130	145
96	-3.560	-5.548	3	30	0	1	0	0	291	306
97	-5.312	-8.888	3	30	0	1	0	0	275	290
98	-4.678	7.220	3	30	1	1	0	0	277	292
99	-6.669	1.198	3	30	1	1	0	0	21	36
100	7.984	-8.306	3	30	0	1	0	0	399	414
101	-8.118	-3.446	3	30	1	1	0	0	403	418
102	-2.343	-4.158	3	30	1	0	1	0	443	458
103	-5.834	-5.226	3	30	0	1	0	0	17	32
104	1.029	3.864	3	30	1	1	0	0	104	119
105	0.964	7.833	3	30	1	0	1	0	229	244
106	-2.308	-6.426	3	30	0	1	0	0	252	267
107	1.075	9.055	3	30	0	1	0	0	245	260
108	-5.727	7.209	3	30	1	1	0	0	216	231
109	4.862	5.419	3	30	0	1	0	0	160	175
110	1.437	0.088	3	30	0	1	0	0	470	485
111	7.431	4.012	3	30	0	1	0	0	464	479
112	0.733	1.304	3	30	0	1	0	0	378	393
113	2.774	-9.894	3	30	0	1	0	0	315	330
114	8.963	-9.110	3	30	0	1	0	0	159	174
115	-0.680	-6.319	3	30	0	1	0	0	78	93
116	3.602	-1.354	3	30	1	1	0	0	525	540
117	-6.216	0.355	3	30	1	1	0	0	50	65
118	1.251	3.016	3	30	1	1	0	0	244	259
119	-6.786	-2.171	3	30	1	1	0	0	471	486
120	-4.834	-8.643	3	30	0	0	0	1	487	502
121	-2.855	2.861	3	30	0	1	0	0	210	225
122	-4.436	-6.188	3	30	1	0	1	0	323	338
123	5.374	2.854	3	30	1	0	1	0	181	196
124	5.065	2.606	3	30	1	1	0	0	474	489
125	1.365	1.678	3	30	0	1	0	0	22	37
126	4.135	3.945	3	30	1	1	0	0	296	311
127	-2.288	8.310	3	30	0	1	0	0	508	523
128	9.900	9.952	3	30	0	1	0	0	3	18
129	3.064	-9.219	3	30	0	1	0	0	78	93
130	4.570	-1.991	3	30	0	1	0	0	191	206
131	9.271	-7.857	3	30	1	1	0	0	335	350
132	2.116	-3.796	3	30	0	1	0	0	457	472
133	3.973	2.069	3	30	1	0	0	1	91	106
134	-1.437	0.067	3	30	0	1	0	0	187	202
135	5.493	-9.062	3	30	0	1	0	0	136	151
136	-0.869	-8.933	3	30	0	0	0	1	274	289
137	-8.466	-4.454	3	30	0	1	0	0	33	48
138	-4.349	2.761	3	30	0	1	0	0	501	516
139	0.234	-6.144	3	30	0	1	0	0	41	56
140	5.828	6.529	3	30	1	1	0	0	507	522
141	7.855	1.698	3	30	0	1	0	0	6	21
142	-8.547	-0.185	3	30	0	1	0	0	512	527
143	-8.354	5.881	3	30	0	1	0	0	311	326
144	2.085	5.336	3	30	1	1	0	0	186	201
145	-1.765	-0.477	3	30	0	1	0	0	354	369
146	8.143	-2.735	3	30	0	1	0	0	264	279
147	9.976	9.511	3	30	0	1	0	0	119	134
148	8.913	7.468	3	30	0	1	0	0	511	526
149	1.787	-3.893	3	30	1	1	0	0	504	519
150	-7.537	-4.139	3	30	1	1	0	0	321	336
151	5.330	5.988	3	30	1	1	0	0	10	25
152	-8.868	-7.694	3	30	1	0	1	0	123	138
153	-9.396	-4.674	3	30	0	1	0	0	177	192
154	9.337	-3.665	3	30	1	0	1	0	328	343
155	-0.272	-4.597	3	30	1	1	0	0	200	215
156	-9.412	6.356	3	30	1	1	0	0	110	125
157	-9.785	6.003	3	30	0	1	0	0	127	142
158	-1.669	1.389	3	30	0	0	0	1	4	19
159	-7.628	3.586	3	30	1	1	0	0	388	403
160	-4.707	6.144	3	30	0	1	0	0	540	555
161	0.668	4.724	3	0	-1	-1	0	0	311	326
162	6.602	6.946	3	0	0	-1	0	0	479	494
163	-2.185	-5.860	3	0	-1	-1	0	0	318	333
164	-4.779	4.189	3	0	0	-1	0	0	482	497
165	5.325	-2.885	3	0	0	-1	0	0	247	262
166	6.533	-9.838	3	0	0	-1	0	0	66	81
167	5.794	-5.867	3	0	-1	-1	0	0	319	334
168	-6.086	0.567	3	0	-1	0	-1	0	537	552
169	-9.698	0.196	3	0	0	-1	0	0	216	231
170	9.114	-0.218	3	0	0	0	-1	0	105	120
171	3.188	7.010	3	0	0	-1	0	0	556	571
172	-6.772	2.738	3	0	0	-1	0	0	374	389
173	6.694	-3.414	3	0	0	-1	0	0	241	256
174	8.278	4.095	3	0	0	0	-1	0	517	532
175	1.399	1.432	3	0	0	-1	0	0	524	539
176	-6.071	-6.560	3	0	-1	0	-1	0	46	61
177	8.824	-6.506	3	0	0	-1	0	0	199	214
178	-3.841	5.549	3	0	-1	0	-1	0	499	514
179	-5.655	9.357	3	0	0	0	0	-1	574	589
180	9.902	-5.090	3	0	0	-1	0	0	316	331
181	4.958	-9.398	3	0	-1	-1	0	0	512	527
182	-5.835	-2.197	3	0	0	-1	0	0	365	380
183	5.684	-9.096	3	0	0	-1	0	0	453	468
184	8.923	1.593	3	0	0	-1	0	0	83	98
185	0.731	6.116	3	0	0	-1	0	0	547	562
186	-3.813	-7.967	3	0	0	-1	0	0	419	434
187	3.840	4.913	3	0	-1	-1	0	0	532	547
188	-7.160	-3.655	3	0	0	-1	0	0	571	586
189	2.272	0.692	3	0	0	-1	0	0	454	469
190	-3.885	-1.998	3	0	-1	-1	0	0	457	472
191	-8.228	8.492	3	0	0	0	0	-1	46	61
192	-3.319	-7.265	3	0	-1	-1	0	0	287	302
193	5.293	0.521	3	0	0	-1	0	0	371	386
194	-4.459	-9.970	3	0	0	-1	0	0	378	393
195	-3.114	2.348	3	0	0	-1	0	0	526	541
196	-8.509	-0.453	3	0	-1	0	0	-1	53	68
197	-8.801	5.515	3	0	0	-1	0	0	234	249
198	1.765	6.248	3	0	0	0	-1	0	396	411
199	-5.113	7.822	3	0	-1	-1	0	0	461	476
200	7.221	5.407	3	0	0	-1	0	0	381	396
201	4.716	2.015	3	0	-1	-1	0	0	423	438
202	-8.269	8.124	3	0	0	-1	0	0	460	475
203	0.657	-5.605	3	0	-1	-1	0	0	294	309
204	-9.099	-5.310	3	0	-1	0	0	-1	88	103
205	-0.834	0.289	3	0	0	-1	0	0	441	456
206	6.545	4.698	3	0	0	0	0	-1	366	381
207	4.264	-2.565	3	0	-1	-1	0	0	553	568
208	-1.345	0.791	3	0	0	-1	0	0	242	257
209	1.743	4.987	3	0	-1	-1	0	0	425	440
210	4.129	-4.230	3	0	0	-1	0	0	516	531
211	4.077	-7.205	3	0	-1	-1	0	0	227	242
212	-3.349	4.833	3	0	-1	-1	0	0	318	333
213	7.066	1.215	3	0	-1	-1	0	0	310	325
214	0.619	0.693	3	0	-1	-1	0	0	410	425
215	6.967	-4.117	3	0	-1	-1	0	0	205	220
216	3.694	1.136	3	0	0	-1	0	0	118	133
217	-8.844	9.621	3	0	0	-1	0	0	308	323
218	1.861	6.909	3	0	-1	-1	0	0	449	464
219	-2.277	-8.555	3	0	-1	-1	0	0	459	474
220	9.779	8.604	3	0	-1	-1	0	0	112	127
221	6.046	9.247	3	0	-1	-1	0	0	234	249
222	-0.645	0.874	3	0	-1	-1	0	0	553	568
223	-7.813	-8.395	3	0	0	-1	0	0	454	469
224	1.682	-2.787	3	0	-1	-1	0	0	167	182
225	6.025	1.035	3	0	-1	-1	0	0	190	205
226	9.054	0.013	3	0	0	-1	0	0	166	181
227	-6.802	8.400	3	0	-1	-1	0	0	435	450
228	-9.305	7.052	3	0	0	-1	0	0	480	495
229	-7.893	-4.241	3	0	0	-1	0	0	366	381
230	4.048	9.952	3	0	0	0	0	-1	70	85
231	0.174	1.401	3	0	-1	-1	0	0	542	557
232	-1.282	9.642	3	0	0	-1	0	0	241	256
233	-6.210	-9.237	3	0	-1	-1	0	0	318	333
234	-6.873	5.642	3	0	-1	0	-1	0	175	190
235	-0.197	-8.392	3	0	-1	-1	0	0	567	582
236	-8.219	3.873	3	0	-1	-1	0	0	420	435
237	-8.568	-6.363	3	0	0	-1	0	0	360	375
238	-6.753	0.542	3	0	-1	-1	0	0	122	137
239	3.867	2.289	3	0	0	-1	0	0	450	465
240	-7.586	1.656	3	0	-1	-1	0	0	331	346
241	5.380	8.235	3	0	-1	-1	0	0	0	1440
242	-5.770	-5.648	3	0	0	-1	0	0	0	1440
243	-9.746	5.411	3	0	-1	-1	0	0	0	1440
244	-9.943	-0.551	3	0	-1	-1	0	0	0	1440
245	2.936	-1.817	3	0	0	-1	0	0	0	1440
246	-7.792	8.638	3	0	-1	-1	0	0	0	1440
247	0.520	5.403	3	0	0	-1	0	0	0	1440
248	-0.437	6.127	3	0	0	-1	0	0	0	1440
249	-1.806	4.711	3	0	-1	-1	0	0	0	1440
250	-8.627	-4.054	3	0	0	-1	0	0	0	1440
251	2.011	-1.563	3	0	0	-1	0	0	0	1440
252	5.949	1.343	3	0	0	0	0	-1	0	1440
253	5.745	-5.046	3	0	-1	-1	0	0	0	1440
254	5.969	5.498	3	0	-1	-1	0	0	0	1440
255	6.197	8.971	3	0	-1	-1	0	0	0	1440
256	-7.204	-4.429	3	0	0	-1	0	0	0	1440
257	-0.694	-8.399	3	0	0	-1	0	0	0	1440
258	-2.097	-2.585	3	0	-1	-1	0	0	0	1440
259	6.523	5.101	3	0	-1	-1	0	0	0	1440
260	-5.702	-0.934	3	0	0	-1	0	0	0	1440
261	7.035	-9.178	3	0	-1	-1	0	0	0	1440
262	1.223	7.219	3	0	-1	0	-1	0	0	1440
263	9.973	1.310	3	0	0	-1	0	0	0	1440
264	6.221	4.667	3	0	-1	-1	0	0	0	1440
265	-2.772	1.508	3	0	-1	0	-1	0	0	1440
266	0.667	-5.997	3	0	0	-1	0	0	0	1440
267	-6.936	5.174	3	0	0	-1	0	0	0	1440
268	-8.736	-5.547	3	0	-1	-1	0	0	0	1440
269	-4.685	-6.208	3	0	0	-1	0	0	0	1440
270	7.770	-7.733	3	0	0	-1	0	0	0	1440
271	-0.476	-6.679	3	0	0	-1	0	0	0	1440
272	-7.000	-1.519	3	0	0	-1	0	0	0	1440
273	3.746	8.667	3	0	0	-1	0	0	0	1440
274	3.632	-3.693	3	0	0	-1	0	0	0	1440
275	8.336	1.657	3	0	0	-1	0	0	0	1440
276	6.694	-4.428	3	0	-1	-1	0	0	0	1440
277	-6.708	-9.325	3	0	-1	-1	0	0	0	1440
278	3.447	-0.618	3	0	-1	-1	0	0	0	1440
279	2.134	1.706	3	0	-1	-1	0	0	0	1440
280	-8.690	5.245	3	0	0	0	0	-1	0	1440
281	8.893	-5.668	3	0	0	-1	0	0	0	1440
282	-6.283	-1.987	3	0	-1	0	-1	0	0	1440
283	5.073	-7.123	3	0	-1	0	-1	0	0	1440
284	-1.319	7.755	3	0	-1	-1	0	0	0	1440
285	-1.753	7.694	3	0	0	-1	0	0	0	1440
286	-6.349	-6.506	3	0	-1	-1	0	0	0	1440
287	7.948	-2.875	3	0	0	-1	0	0	0	1440
288	4.421	2.231	3	0	0	-1	0	0	0	1440
289	-3.410	-8.794	3	0	0	-1	0	0	0	1440
290	1.292	7.980	3	0	0	-1	0	0	0	1440
291	1.067	-5.188	3	0	-1	-1	0	0	0	1440
292	5.914	3.381	3	0	0	-1	0	0	0	1440
293	8.405	-8.974	3	0	-1	0	0	-1	0	1440
294	-5.408	-5.089	3	0	0	-1	0	0	0	1440
295	-2.601	9.269	3	0	0	-1	0	0	0	1440
296	0.921	5.095	3	0	0	0	0	-1	0	1440
297	4.696	0.459	3	0	0	-1	0	0	0	1440
298	6.101	1.314	3	0	0	-1	0	0	0	1440
299	-2.510	-6.567	3	0	0	-1	0	0	0	1440
300	-2.579	3.503	3	0	-1	-1	0	0	0	1440
301	1.776	4.492	3	0	0	-1	0	0	0	1440
302	8.665	6.016	3	0	0	-1	0	0	0	1440
303	-6.394	-2.154	3	0	0	-1	0	0	0	1440
304	-5.376	1.203	3	0	-1	-1	0	0	0	1440
305	-2.943	-5.132	3	0	0	-1	0	0	0	1440
306	0.875	9.797	3	0	0	-1	0	0	0	1440
307	-2.239	2.211	3	0	0	-1	0	0	0	1440
308	-3.531	6.621	3	0	0	-1	0	0	0	1440
309	-4.338	9.493	3	0	-1	-1	0	0	0	1440
310	4.915	9.425	3	0	-1	-1	0	0	0	1440
311	-3.399	7.546	3	0	-1	-1	0	0	0	1440
312	5.100	-7.127	3	0	-1	0	-1	0	0	1440
313	9.284	-5.655	3	0	0	-1	0	0	0	1440
314	9.012	9.594	3	0	-1	0	-1	0	0	1440
315	-9.548	-1.260	3	0	-1	-1	0	0	0	1440
316	8.867	5.710	3	0	-1	-1	0	0	0	1440
317	1.628	-9.692	3	0	0	-1	0	0	0	1440
318	5.191	1.704	3	0	0	0	0	-1	0	1440
319	-6.355	3.808	3	0	-1	-1	0	0	0	1440
320	9.276	-0.906	3	0	0	-1	0	0	0	1440
321	0.000	0.000	0	0	0	0	0	0	0	600
