9 90
600 1 6 0 1
600 1 6 0 1
600 1 6 0 1
600 2 1 1 1
600 2 1 1 1
600 2 1 1 1
600 2 1 1 1
600 2 1 1 1
600 2 1 1 1
0	0.000	0.000	0	0	0	0	0	0	0	600
1	4.878	8.378	3	30	0	1	0	0	0	1440
2	6.067	1.606	3	30	1	0	1	0	0	1440
3	0.771	-5.329	3	30	1	1	0	0	0	1440
4	-5.769	-3.830	3	30	1	0	1	0	0	1440
5	6.303	-1.023	3	30	1	1	0	0	0	1440
6	-8.215	-8.471	3	30	0	0	0	1	0	1440
7	-8.666	-2.328	3	30	0	0	1	0	0	1440
8	8.096	8.923	3	30	1	1	0	0	0	1440
9	3.392	4.805	3	30	0	1	0	0	0	1440
10	-5.100	9.978	3	30	1	1	0	0	0	1440
11	-3.407	-6.813	3	30	1	1	0	0	0	1440
12	-7.080	7.861	3	30	0	1	0	0	0	1440
13	-1.672	-1.031	3	30	0	1	0	0	0	1440
14	-2.872	-7.098	3	30	0	0	0	1	0	1440
15	-9.078	1.113	3	30	1	1	0	0	0	1440
16	-9.590	2.608	3	30	1	1	0	0	0	1440
17	3.262	7.553	3	30	1	1	0	0	0	1440
18	4.726	-9.697	3	30	0	1	0	0	0	1440
19	4.227	6.709	3	30	0	1	0	0	0	1440
20	6.973	0.827	3	30	1	1	0	0	0	1440
21	-1.513	-8.297	3	30	1	1	0	0	0	1440
22	3.228	-6.491	3	30	1	1	0	0	0	1440
23	-7.284	-1.292	3	30	0	1	0	0	0	1440
24	-2.258	-7.555	3	30	1	0	0	1	0	1440
25	-3.105	5.683	3	30	0	1	0	0	0	1440
26	-4.777	-6.234	3	30	0	0	0	1	0	1440
27	2.618	9.847	3	30	0	1	0	0	0	1440
28	-5.618	-4.551	3	30	0	1	0	0	0	1440
29	-4.872	-9.883	3	30	1	1	0	0	0	1440
30	1.443	1.502	3	30	0	1	0	0	0	1440
31	8.415	1.404	3	30	1	0	1	0	0	1440
32	3.698	-1.476	3	30	0	1	0	0	0	1440
33	3.398	4.856	3	30	0	1	0	0	0	1440
34	1.471	-4.649	3	30	0	1	0	0	0	1440
35	5.291	6.054	3	30	1	1	0	0	0	1440
36	-9.577	1.812	3	30	0	1	0	0	0	1440
37	8.164	7.876	3	30	0	1	0	0	0	1440
38	8.328	1.252	3	30	0	1	0	0	0	1440
39	-1.663	3.511	3	30	1	0	0	1	0	1440
40	-5.071	1.975	3	30	1	1	0	0	0	1440
41	8.889	-1.316	3	30	1	1	0	0	0	1440
42	-0.153	-3.279	3	30	1	1	0	0	0	1440
43	-5.573	8.274	3	30	0	0	1	0	0	1440
44	-3.218	-1.661	3	30	1	0	1	0	0	1440
45	-7.849	4.416	3	30	1	1	0	0	0	1440
46	1.980	-5.007	3	30	1	1	0	0	234	249
47	7.774	5.612	3	30	1	1	0	0	265	280
48	-1.599	-0.431	3	30	0	1	0	0	73	88
49	9.938	-7.847	3	30	1	1	0	0	33	48
50	0.083	-5.632	3	30	1	1	0	0	428	443
51	7.662	-9.642	3	30	1	1	0	0	85	100
52	1.220	0.125	3	30	1	1	0	0	5	20
53	5.183	-1.837	3	30	0	1	0	0	141	156
54	-5.793	3.866	3	30	1	0	0	1	238	253
55	4.772	-7.420	3	30	0	1	0	0	112	127
56	-9.083	8.134	3	30	0	1	0	0	88	103
57	5.709	-3.464	3	30	0	1	0	0	529	544
58	-6.686	-8.817	3	30	1	1	0	0	314	329
59	-7.029	4.151	3	30	1	0	1	0	537	552
60	-1.834	-5.726	3	30	0	1	0	0	428	443
61	4.349	-1.269	3	30	1	1	0	0	474	489
62	-5.486	4.449	3	30	0	1	0	0	83	98
63	-9.886	-3.188	3	30	0	1	0	0	524	539
64	0.713	6.942	3	30	0	1	0	0	253	268
65	0.029	-7.078	3	30	1	0	1	0	52	67
66	1.242	-0.531	3	30	1	1	0	0	473	488
67	2.752	-4.783	3	30	0	1	0	0	262	277
68	7.152	4.446	3	30	1	0	1	0	44	59
69	-9.936	7.852	3	30	0	1	0	0	305	320
70	-7.792	4.959	3	30	1	0	1	0	349	364
71	-0.107	1.652	3	30	1	1	0	0	490	505
72	4.982	7.017	3	30	0	1	0	0	411	426
73	-1.032	-6.079	3	30	0	1	0	0	35	50
74	4.932	-6.763	3	30	0	0	0	1	243	258
75	-1.043	-3.613	3	30	0	0	1	0	535	550
76	-5.279	-6.793	3	30	0	0	0	1	297	312
77	1.093	1.364	3	30	1	1	0	0	166	181
78	-1.532	6.287	3	30	0	1	0	0	434	449
79	-0.965	-4.307	3	30	0	0	0	1	236	251
80	5.496	-4.655	3	30	0	1	0	0	350	365
81	4.502	0.041	3	30	0	1	0	0	335	350
82	5.095	3.718	3	30	1	1	0	0	464	479
83	-8.715	2.414	3	30	0	0	0	1	476	491
84	4.872	0.798	3	30	0	0	1	0	345	360
85	-7.556	6.225	3	30	1	1	0	0	477	492
86	-0.021	4.970	3	30	0	1	0	0	125	140
87	5.843	6.301	3	30	1	0	1	0	194	209
88	-2.748	3.022	3	30	1	1	0	0	341	356
89	-7.786	-0.582	3	30	0	0	1	0	67	82
90	1.601	-2.413	3	30	0	1	0	0	301	316
91	-8.663	4.125	3	0	0	-1	0	0	294	309
92	3.327	1.681	3	0	-1	0	-1	0	188	203
93	-7.600	0.548	3	0	-1	-1	0	0	583	598
94	4.081	-4.026	3	0	-1	0	-1	0	137	152
95	-7.826	-6.397	3	0	-1	-1	0	0	159	174
96	-3.685	7.334	3	0	0	0	0	-1	246	261
97	9.059	-6.096	3	0	0	0	-1	0	62	77
98	-6.932	-7.672	3	0	-1	-1	0	0	123	138
99	8.432	7.653	3	0	0	-1	0	0	327	342
100	7.535	-5.272	3	0	-1	-1	0	0	353	368
101	-5.353	0.513	3	0	-1	-1	0	0	242	257
102	-4.687	6.975	3	0	0	-1	0	0	356	371
103	-6.594	-3.064	3	0	0	-1	0	0	156	171
104	3.086	-0.294	3	0	0	0	0	-1	370	385
105	4.177	8.514	3	0	-1	-1	0	0	150	165
106	-3.625	0.897	3	0	-1	-1	0	0	106	121
107	-3.084	-2.753	3	0	-1	-1	0	0	364	379
108	-7.254	9.598	3	0	0	-1	0	0	349	364
109	-3.394	-7.707	3	0	0	-1	0	0	205	220
110	-4.153	9.578	3	0	-1	-1	0	0	292	307
111	0.830	-5.534	3	0	-1	-1	0	0	175	190
112	4.300	3.748	3	0	-1	-1	0	0	338	353
113	-8.178	-0.316	3	0	0	-1	0	0	584	599
114	-9.058	8.762	3	0	-1	0	0	-1	442	457
115	-4.109	2.676	3	0	0	-1	0	0	148	163
116	6.818	-8.171	3	0	0	0	0	-1	384	399
117	5.339	7.565	3	0	0	-1	0	0	337	352
118	-6.963	3.160	3	0	0	-1	0	0	584	599
119	-0.186	6.794	3	0	-1	-1	0	0	190	205
120	-3.462	5.890	3	0	0	-1	0	0	211	226
121	-5.039	6.488	3	0	-1	0	-1	0	536	551
122	-7.073	-0.803	3	0	0	-1	0	0	169	184
123	2.958	-6.841	3	0	0	-1	0	0	438	453
124	0.354	-3.385	3	0	0	-1	0	0	165	180
125	1.058	-2.470	3	0	-1	-1	0	0	54	69
126	7.837	5.387	3	0	0	-1	0	0	474	489
127	0.054	-0.878	3	0	0	-1	0	0	62	77
128	7.239	-0.726	3	0	0	-1	0	0	104	119
129	-9.302	7.908	3	0	-1	0	0	-1	504	519
130	-5.004	8.228	3	0	-1	-1	0	0	486	501
131	-8.740	-8.686	3	0	-1	-1	0	0	557	572
132	5.439	0.783	3	0	-1	-1	0	0	396	411
133	8.214	-3.531	3	0	0	0	-1	0	349	364
134	-1.677	5.802	3	0	-1	0	-1	0	432	447
135	7.545	9.356	3	0	-1	-1	0	0	363	378
136	7.737	-1.284	3	0	-1	-1	0	0	0	1440
137	1.547	9.994	3	0	-1	-1	0	0	0	1440
138	-1.959	-8.855	3	0	0	-1	0	0	0	1440
139	-6.516	-7.776	3	0	-1	-1	0	0	0	1440
140	-7.048	0.796	3	0	-1	-1	0	0	0	1440
141	-2.912	7.878	3	0	-1	-1	0	0	0	1440
142	9.280	7.906	3	0	-1	-1	0	0	0	1440
143	6.109	2.060	3	0	0	-1	0	0	0	1440
144	-2.409	-1.077	3	0	-1	0	0	-1	0	1440
145	-8.120	-7.424	3	0	0	-1	0	0	0	1440
146	-4.589	9.222	3	0	0	-1	0	0	0	1440
147	4.662	-8.073	3	0	0	-1	0	0	0	1440
148	-9.664	8.207	3	0	-1	-1	0	0	0	1440
149	3.302	2.725	3	0	-1	0	-1	0	0	1440
150	4.832	-0.795	3	0	0	-1	0	0	0	1440
151	-9.449	-2.158	3	0	-1	-1	0	0	0	1440
152	-7.668	6.166	3	0	0	-1	0	0	0	1440
153	0.509	-1.964	3	0	0	-1	0	0	0	1440
154	-6.997	-2.059	3	0	0	-1	0	0	0	1440
155	4.737	-3.286	3	0	-1	0	-1	0	0	1440
156	6.896	8.181	3	0	-1	-1	0	0	0	1440
157	6.135	-7.359	3	0	0	-1	0	0	0	1440
158	2.149	-8.122	3	0	-1	0	-1	0	0	1440
159	-4.273	5.794	3	0	0	-1	0	0	0	1440
160	5.868	-6.308	3	0	-1	0	-1	0	0	1440
161	-3.310	6.191	3	0	-1	-1	0	0	0	1440
162	-2.814	-3.641	3	0	0	-1	0	0	0	1440
163	-2.677	4.516	3	0	0	-1	0	0	0	1440
164	3.914	3.904	3	0	0	0	0	-1	0	1440
165	1.284	6.553	3	0	0	0	-1	0	0	1440
166	-1.954	-1.151	3	0	0	0	0	-1	0	1440
167	0.897	-6.051	3	0	-1	-1	0	0	0	1440
168	-4.387	9.780	3	0	0	-1	0	0	0	1440
169	2.488	5.056	3	0	0	0	0	-1	0	1440
170	-9.788	6.786	3	0	0	-1	0	0	0	1440
171	-3.285	8.431	3	0	0	-1	0	0	0	1440
172	4.437	-6.807	3	0	-1	-1	0	0	0	1440
173	-3.576	-4.321	3	0	0	0	0	-1	0	1440
174	0.075	-5.257	3	0	0	0	-1	0	0	1440
175	6.925	2.787	3	0	-1	-1	0	0	0	1440
176	-2.009	4.474	3	0	0	-1	0	0	0	1440
177	-6.467	1.148	3	0	-1	0	-1	0	0	1440
178	-9.650	-4.731	3	0	-1	-1	0	0	0	1440
179	7.131	-7.665	3	0	0	0	-1	0	0	1440
180	3.367	-1.930	3	0	0	-1	0	0	0	1440
181	0.000	0.000	0	0	0	0	0	0	0	600
